{"keyframes": [{"matrix": "[0.4941272976477517,0.8693895809088887,0,0,-0.1773752038678087,0.1008131821240501,0.9789661862616615,0,0.8511029687213532,-0.48373389696550184,0.2040226913316718,0,0.6614898346950273,-0.4907866900941568,-0.12678810096004084,1]", "fov": 50, "aspect": 1.7569444444444444, "properties": "[[\"FOV\",50],[\"NAME\",\"Camera 1\"],[\"TIME\",0.2]]"}, {"matrix": "[0.9955740214335222,0.09398083592034887,0,0,-0.02968126817835694,0.31442473598147125,0.9488182977805247,0,0.0891707332336073,-0.9446188109541631,0.31582255673728243,0,0.034390819244167994,-0.9478966432972769,0.00041692819141442294,1]", "fov": 50, "aspect": 1.7569444444444444, "properties": "[[\"FOV\",50],[\"NAME\",\"Camera 2\"],[\"TIME\",0.4]]"}, {"matrix": "[0.614163988673138,-0.7891784492056942,1.110223041097315e-16,0,0.19490191774458887,0.15167892549846002,0.9690236325807228,0,-0.7647325373446034,-0.5951393957556922,0.2469681173025869,0,-0.8612038942074545,-0.6830639016945493,-0.037232482990118554,1]", "fov": 50, "aspect": 1.7569444444444444, "properties": "[[\"FOV\",50],[\"NAME\",\"Camera 3\"],[\"TIME\",0.6000000000000001]]"}, {"matrix": "[-0.6314031972456242,-0.7754547260682642,-5.551115205486575e-17,0,0.1869111058447104,-0.15218976152152086,0.9705166508003642,0,-0.7525916938123574,0.6127872920485508,0.2410341928573649,0,-0.6830667816953134,0.3216002699644835,-0.12150973574181892,1]", "fov": 50, "aspect": 1.7569444444444444, "properties": "[[\"FOV\",50],[\"NAME\",\"Camera 4\"],[\"TIME\",0.8]]"}, {"matrix": "[-0.9999959838729787,-0.002839350544638664,2.1684043771431934e-19,0,0.0009630309015709022,-0.33917158828271077,0.9407240619618973,0,-0.0026710452719976518,0.9407202466719291,0.33917294708836926,0,-0.048508239520275526,0.5910617241542285,-0.04893293767515042,1]", "fov": 50, "aspect": 1.7569444444444444, "properties": "[[\"FOV\",50],[\"NAME\",\"Camera 5\"],[\"TIME\",1]]"}], "camera_type": "perspective", "render_height": 1080, "render_width": 1920, "camera_path": [{"camera_to_world": [0.4941272903164833, -0.17737519903603507, 0.8511029665859573, 0.6614898346950273, 0.8693895680099285, 0.1008131793778575, -0.4837338957518257, -0.4907866900941568, -5.5511151231257815e-17, 0.9789661595942196, 0.20402269081978391, -0.12678810096004084, 0, 0, 0, 1], "fov": 50, "aspect": 1.7569444444444444}, {"camera_to_world": [0.4941272903164833, -0.17737519903603507, 0.8511029665859573, 0.6614898346950273, 0.8693895680099285, 0.1008131793778575, -0.4837338957518257, -0.4907866900941568, -5.5511151231257815e-17, 0.9789661595942196, 0.20402269081978391, -0.12678810096004084, 0, 0, 0, 1], "fov": 50, "aspect": 1.7569444444444444}, {"camera_to_world": [0.4941272903164833, -0.17737519903603507, 0.8511029665859573, 0.6614898346950273, 0.8693895680099285, 0.1008131793778575, -0.4837338957518257, -0.4907866900941568, -5.5511151231257815e-17, 0.9789661595942196, 0.20402269081978391, -0.12678810096004084, 0, 0, 0, 1], "fov": 50, "aspect": 1.7569444444444444}, {"camera_to_world": [0.4941272903164833, -0.17737519903603507, 0.8511029665859573, 0.6614898346950273, 0.8693895680099285, 0.1008131793778575, -0.4837338957518257, -0.4907866900941568, -5.5511151231257815e-17, 0.9789661595942196, 0.20402269081978391, -0.12678810096004084, 0, 0, 0, 1], "fov": 50, "aspect": 1.7569444444444444}, {"camera_to_world": [0.4941272903164833, -0.17737519903603507, 0.8511029665859573, 0.6614898346950273, 0.8693895680099285, 0.1008131793778575, -0.4837338957518257, -0.4907866900941568, -5.5511151231257815e-17, 0.9789661595942196, 0.20402269081978391, -0.12678810096004084, 0, 0, 0, 1], "fov": 50, "aspect": 1.7569444444444444}, {"camera_to_world": [0.4941272903164833, -0.17737519903603507, 0.8511029665859573, 0.6614898346950273, 0.8693895680099285, 0.1008131793778575, -0.4837338957518257, -0.4907866900941568, -5.5511151231257815e-17, 0.9789661595942196, 0.20402269081978391, -0.12678810096004084, 0, 0, 0, 1], "fov": 50, "aspect": 1.7569444444444444}, {"camera_to_world": [0.4941272903164833, -0.17737519903603507, 0.8511029665859573, 0.6614898346950273, 0.8693895680099285, 0.1008131793778575, -0.4837338957518257, -0.4907866900941568, -5.5511151231257815e-17, 0.9789661595942196, 0.20402269081978391, -0.12678810096004084, 0, 0, 0, 1], "fov": 50, "aspect": 1.7569444444444444}, {"camera_to_world": [0.4941272903164833, -0.17737519903603507, 0.8511029665859573, 0.6614898346950273, 0.8693895680099285, 0.1008131793778575, -0.4837338957518257, -0.4907866900941568, -5.5511151231257815e-17, 0.9789661595942196, 0.20402269081978391, -0.12678810096004084, 0, 0, 0, 1], "fov": 50, "aspect": 1.7569444444444444}, {"camera_to_world": [0.4941272903164833, -0.17737519903603507, 0.8511029665859573, 0.6614898346950273, 0.8693895680099285, 0.1008131793778575, -0.4837338957518257, -0.4907866900941568, -5.5511151231257815e-17, 0.9789661595942196, 0.20402269081978391, -0.12678810096004084, 0, 0, 0, 1], "fov": 50, "aspect": 1.7569444444444444}, {"camera_to_world": [0.4941272903164833, -0.17737519903603507, 0.8511029665859573, 0.6614898346950273, 0.8693895680099285, 0.1008131793778575, -0.4837338957518257, -0.4907866900941568, -5.5511151231257815e-17, 0.9789661595942196, 0.20402269081978391, -0.12678810096004084, 0, 0, 0, 1], "fov": 50, "aspect": 1.7569444444444444}, {"camera_to_world": [0.4941272903164833, -0.17737519903603507, 0.8511029665859573, 0.6614898346950273, 0.8693895680099285, 0.1008131793778575, -0.4837338957518257, -0.4907866900941568, -5.5511151231257815e-17, 0.9789661595942196, 0.20402269081978391, -0.12678810096004084, 0, 0, 0, 1], "fov": 50, "aspect": 1.7569444444444444}, {"camera_to_world": [0.4941272903164833, -0.17737519903603507, 0.8511029665859573, 0.6614898346950273, 0.8693895680099285, 0.1008131793778575, -0.4837338957518257, -0.4907866900941568, -5.5511151231257815e-17, 0.9789661595942196, 0.20402269081978391, -0.12678810096004084, 0, 0, 0, 1], "fov": 50, "aspect": 1.7569444444444444}, {"camera_to_world": [0.4941272903164833, -0.17737519903603507, 0.8511029665859573, 0.6614898346950273, 0.8693895680099285, 0.1008131793778575, -0.4837338957518257, -0.4907866900941568, -5.5511151231257815e-17, 0.9789661595942196, 0.20402269081978391, -0.12678810096004084, 0, 0, 0, 1], "fov": 50, "aspect": 1.7569444444444444}, {"camera_to_world": [0.4941272903164833, -0.17737519903603507, 0.8511029665859573, 0.6614898346950273, 0.8693895680099285, 0.1008131793778575, -0.4837338957518257, -0.4907866900941568, -5.5511151231257815e-17, 0.9789661595942196, 0.20402269081978391, -0.12678810096004084, 0, 0, 0, 1], "fov": 50, "aspect": 1.7569444444444444}, {"camera_to_world": [0.4941272903164833, -0.17737519903603507, 0.8511029665859573, 0.6614898346950273, 0.8693895680099285, 0.1008131793778575, -0.4837338957518257, -0.4907866900941568, -5.5511151231257815e-17, 0.9789661595942196, 0.20402269081978391, -0.12678810096004084, 0, 0, 0, 1], "fov": 50, "aspect": 1.7569444444444444}, {"camera_to_world": [0.4941272903164833, -0.17737519903603507, 0.8511029665859573, 0.6614898346950273, 0.8693895680099285, 0.1008131793778575, -0.4837338957518257, -0.4907866900941568, -5.5511151231257815e-17, 0.9789661595942196, 0.20402269081978391, -0.12678810096004084, 0, 0, 0, 1], "fov": 50, "aspect": 1.7569444444444444}, {"camera_to_world": [0.4941272903164833, -0.17737519903603507, 0.8511029665859573, 0.6614898346950273, 0.8693895680099285, 0.1008131793778575, -0.4837338957518257, -0.4907866900941568, -5.5511151231257815e-17, 0.9789661595942196, 0.20402269081978391, -0.12678810096004084, 0, 0, 0, 1], "fov": 50, "aspect": 1.7569444444444444}, {"camera_to_world": [0.4941272903164833, -0.17737519903603507, 0.8511029665859573, 0.6614898346950273, 0.8693895680099285, 0.1008131793778575, -0.4837338957518257, -0.4907866900941568, -5.5511151231257815e-17, 0.9789661595942196, 0.20402269081978391, -0.12678810096004084, 0, 0, 0, 1], "fov": 50, "aspect": 1.7569444444444444}, {"camera_to_world": [0.4941272903164833, -0.17737519903603507, 0.8511029665859573, 0.6614898346950273, 0.8693895680099285, 0.1008131793778575, -0.4837338957518257, -0.4907866900941568, -5.5511151231257815e-17, 0.9789661595942196, 0.20402269081978391, -0.12678810096004084, 0, 0, 0, 1], "fov": 50, "aspect": 1.7569444444444444}, {"camera_to_world": [0.4941272903164833, -0.17737519903603507, 0.8511029665859573, 0.6614898346950273, 0.8693895680099285, 0.1008131793778575, -0.4837338957518257, -0.4907866900941568, -5.5511151231257815e-17, 0.9789661595942196, 0.20402269081978391, -0.12678810096004084, 0, 0, 0, 1], "fov": 50, "aspect": 1.7569444444444444}, {"camera_to_world": [0.4941272903164833, -0.17737519903603507, 0.8511029665859573, 0.6614898346950273, 0.8693895680099285, 0.1008131793778575, -0.4837338957518257, -0.4907866900941568, -5.5511151231257815e-17, 0.9789661595942196, 0.20402269081978391, -0.12678810096004084, 0, 0, 0, 1], "fov": 50, "aspect": 1.7569444444444444}, {"camera_to_world": [0.4941272903164833, -0.17737519903603507, 0.8511029665859573, 0.6614898346950273, 0.8693895680099285, 0.1008131793778575, -0.4837338957518257, -0.4907866900941568, -5.5511151231257815e-17, 0.9789661595942196, 0.20402269081978391, -0.12678810096004084, 0, 0, 0, 1], "fov": 50, "aspect": 1.7569444444444444}, {"camera_to_world": [0.4941272903164833, -0.17737519903603507, 0.8511029665859573, 0.6614898346950273, 0.8693895680099285, 0.1008131793778575, -0.4837338957518257, -0.4907866900941568, -5.5511151231257815e-17, 0.9789661595942196, 0.20402269081978391, -0.12678810096004084, 0, 0, 0, 1], "fov": 50, "aspect": 1.7569444444444444}, {"camera_to_world": [0.4941272903164833, -0.17737519903603507, 0.8511029665859573, 0.6614898346950273, 0.8693895680099285, 0.1008131793778575, -0.4837338957518257, -0.4907866900941568, -5.5511151231257815e-17, 0.9789661595942196, 0.20402269081978391, -0.12678810096004084, 0, 0, 0, 1], "fov": 50, "aspect": 1.7569444444444444}, {"camera_to_world": [0.5289739119400091, -0.16657947214586413, 0.8321285236948011, 0.6617318949952081, 0.8486218388547966, 0.1098979084557652, -0.5174586208922913, -0.5281829743455337, -0.005251200394877586, 0.9798845489018865, 0.1994961045177558, -0.1251021140018757, 0, 0, 0, 1], "fov": 50, "aspect": 1.7569444444444444}, {"camera_to_world": [0.5626550420005522, -0.1570150918859847, 0.8116437424334599, 0.6582219511469372, 0.8266265620411353, 0.11919012468580992, -0.5499838553134395, -0.565026107850877, -0.01038415328325365, 0.9803774656209805, 0.19685577020542994, -0.1224333036059567, 0, 0, 0, 1], "fov": 50, "aspect": 1.7569444444444444}, {"camera_to_world": [0.5942612338637899, -0.14887017115213166, 0.7903741253784952, 0.6510627939579228, 0.8041296327398246, 0.12847298714780012, -0.5804052250997023, -0.5997742232491625, -0.015136699653520977, 0.9804755803764091, 0.19605743191509695, -0.11891616713577628, 0, 0, 0, 1], "fov": 50, "aspect": 1.7569444444444444}, {"camera_to_world": [0.6242510983570727, -0.14189179966278267, 0.7682299677755646, 0.640446640320434, 0.7809810341569623, 0.13785745709917058, -0.6091501832957716, -0.6324875227379827, -0.019472814052166124, 0.980235705690528, 0.19687247344990275, -0.11463469634711304, 0, 0, 0, 1], "fov": 50, "aspect": 1.7569444444444444}, {"camera_to_world": [0.6529696265278572, -0.1358636779327974, 0.7450984685601253, 0.6265657071267394, 0.7570238589445579, 0.14741617203318363, -0.6365401395134269, -0.6632262085149293, -0.02335687951677093, 0.9796986951311387, 0.19911032855576113, -0.10967288299574557, 0, 0, 0, 1], "fov": 50, "aspect": 1.7569444444444444}, {"camera_to_world": [0.6806714607920389, -0.13059663283270936, 0.7208542723435788, 0.6096122112691076, 0.7321001317712141, 0.15719493293740733, -0.6628115494764518, -0.6920504827775943, -0.02675368243443707, 0.9788944133825478, 0.20260791673731507, -0.10411471883745245, 0, 0, 0, 1], "fov": 50, "aspect": 1.7569444444444444}, {"camera_to_world": [0.7075369632138288, -0.1259208776222313, 0.6953670816662234, 0.5897783696398077, 0.706054940663788, 0.1672193833821281, -0.6881308731524517, -0.7190205477235696, -0.029628811154146763, 0.9778453918693629, 0.2072209524865765, -0.09804419562801221, 0, 0, 0, 1], "fov": 50, "aspect": 1.7569444444444444}, {"camera_to_world": [0.733683269028425, -0.12167993706348397, 0.6685079308908687, 0.5672563991311081, 0.6787400807636674, 0.17749848854069383, -0.7126052128147109, -0.7441966055504474, -0.031949389864191186, 0.9765696490686139, 0.21281672162992776, -0.0915453051232035, 0, 0, 0, 1], "fov": 50, "aspect": 1.7569444444444444}, {"camera_to_world": [0.7591719195396502, -0.11772612443686639, 0.6401551032426114, 0.5422385166352778, 0.6500179298952059, 0.18802582398088696, -0.736290011022192, -0.7676388584558194, -0.03368512130354146, 0.9750829960272018, 0.2192680174156316, -0.08470203907880486, 0, 0, 0, 1], "fov": 50, "aspect": 1.7569444444444444}, {"camera_to_world": [0.7840142931902434, -0.11391749931900365, 0.610200287956592, 0.5149169390445852, 0.6197659862936408, 0.19877934548767548, -0.7591948985872876, -0.7894075086372778, -0.03480962951359408, 0.9734010351116318, 0.22644803937488653, -0.07759838925059484, 0, 0, 0, 1], "fov": 50, "aspect": 1.7569444444444444}, {"camera_to_world": [0.8081758260936409, -0.11011629248097174, 0.5785553009420158, 0.4854838832512993, 0.5878822979916835, 0.2097201373184534, -0.7812885943818371, -0.8095627582924143, -0.03530209378888103, 0.9715409750151426, 0.23422616429585086, -0.07031834739435207, 0, 0, 0, 1], "fov": 50, "aspect": 1.7569444444444444}, {"camera_to_world": [0.8315798778505239, -0.10618882538982384, 0.5451594630164988, 0.4541315661476889, 0.5542918401078792, 0.22079056913174613, -0.8025036327471055, -0.8281648096188214, -0.03514914997448817, 0.9695233148020781, 0.24246459393334482, -0.0629459052658551, 0, 0, 0, 1], "fov": 50, "aspect": 1.7569444444444444}, {"camera_to_world": [0.8541120082597594, -0.10200695583685343, 0.509987507991499, 0.4210522046260225, 0.5189537170963238, 0.23191229196701404, -0.8227415926926966, -0.8452738648140907, -0.034347006541908066, 0.9673733869584715, 0.2510159623332856, -0.0555650546208825, 0, 0, 0, 1], "fov": 50, "aspect": 1.7569444444444444}, {"camera_to_world": [0.8756253432538988, -0.09745103289077685, 0.4730576650261706, 0.38643801557856894, 0.4818688680046317, 0.24298453831349998, -0.8418793905236723, -0.8609501260758143, -0.03290368215605683, 0.9651226918527487, 0.2597220386711094, -0.04825978721521286, 0, 0, 0, 1], "fov": 50, "aspect": 1.7569444444444444}, {"camera_to_world": [0.895947585054008, -0.09241423469605899, 0.43443933300454424, 0.35048121589759706, 0.4430877382991949, 0.2538832272311776, -0.8597770426683806, -0.875253795601584, -0.030841222491914712, 0.9628099065528064, 0.26841367856161924, -0.04111409480462476, 0, 0, 0, 1], "fov": 50, "aspect": 1.7569444444444444}, {"camera_to_world": [0.914890029605193, -0.08680799366154385, 0.3942595667393076, 0.3133740224753754, 0.40271717522457945, 0.26446137660004615, -0.876287085986062, -0.888245075588992, -0.028197703951644268, 0.960481417062957, 0.2769121466613364, -0.03421196914489676, 0, 0, 0, 1], "fov": 50, "aspect": 1.7569444444444444}, {"camera_to_world": [0.9322586750691728, -0.08056800447329596, 0.3527074700278714, 0.2753086522041726, 0.36092564657244747, 0.27455125508286643, -0.8912655530080154, -0.8999841682356301, -0.025028791511610214, 0.9581912152527876, 0.2850318484097077, -0.027637401991807434, 0, 0, 0, 1], "fov": 50, "aspect": 1.7569444444444444}, {"camera_to_world": [0.9478671433995024, -0.07366010120970377, 0.31003559143015114, 0.23647732197625798, 0.31794582915179714, 0.2839685394887349, -0.904584058175696, -0.9105312757390903, -0.021408600810039816, 0.9560000303715533, 0.29258437029504053, -0.021474385101135418, 0, 0, 0, 1], "fov": 50, "aspect": 1.7569444444444444}, {"camera_to_world": [0.9615507297233448, -0.06608513894790796, 0.26655758961008585, 0.1970722486838995, 0.2740737163920294, 0.29251847358453553, -0.9161422054434751, -0.919946600296965, -0.017429634292340467, 0.9539736353914656, 0.29938355136250583, -0.01580691022865921, 0, 0, 0, 1], "fov": 50, "aspect": 1.7569444444444444}, {"camera_to_world": [0.9731805114873336, -0.05788198664979907, 0.22264179230936065, 0.1572856492193666, 0.22966368697802264, 0.3000036795423405, -0.9258792486845775, -0.9282903441068456, -0.013201626601023045, 0.952180375707528, 0.3052511247687026, -0.010718969130157463, 0, 0, 0, 1], "fov": 50, "aspect": 1.7569444444444444}, {"camera_to_world": [0.9826761828974744, -0.049127879845388606, 0.17870078619845672, 0.11730974047492748, 0.185119449107131, 0.3062329166743206, -0.9337838027656139, -0.9356227093663243, -0.008849244505708453, 0.950688094049271, 0.3100223196878614, -0.006294553561408692, 0, 0, 0, 1], "fov": 50, "aspect": 1.7569444444444444}, {"camera_to_world": [0.9900162183574661, -0.03993570153240064, 0.13517776123422606, 0.07733673934285146, 0.14088136415330746, 0.311029802138759, -0.9399004752716257, -0.942003898272993, -0.0045087274796325955, 0.9495607415666674, 0.31355074462018906, -0.0026176552781915496, 0, 0, 0, 1], "fov": 50, "aspect": 1.7569444444444444}, {"camera_to_world": [0.9952441631940904, -0.030448210267492754, 0.09253087117066075, 0.03755886271540687, 0.09741124599499905, 0.31424039152583494, -0.9443325820320889, -0.9474941130244439, -0.00032370016473763294, 0.9488550378351777, 0.3157119136063871, 0.00022773396371547627, 0, 0, 0, 1], "fov": 50, "aspect": 1.7569444444444444}, {"camera_to_world": [0.9985170599228518, -0.02066822253459248, 0.05036373318455379, -0.0026888264763955177, 0.0543162962007084, 0.3159754690774301, -0.9472112979205511, -0.9520662714438036, 0.0036634696752222114, 0.9485422117747625, 0.3166295176880705, 0.002327664172479429, 0, 0, 0, 1], "fov": 50, "aspect": 1.7569444444444444}, {"camera_to_world": [0.9999144938928091, -0.010488055363807014, 0.007810608028405989, -0.04435852266694556, 0.010729198155616678, 0.3165254876370405, -0.9485233260089448, -0.9555904573691596, 0.007475908642111196, 0.9485260230330106, 0.31661095119903127, 0.003897072317975585, 0, 0, 0, 1], "fov": 50, "aspect": 1.7569444444444444}, {"camera_to_world": [0.9993892308696547, 1.8643502217816824e-05, -0.03494516954000887, -0.08723625796138695, -0.03316141281395457, 0.31591614185414957, -0.9482074203549408, -0.9580094525771744, 0.011022065230374413, 0.9487871157263933, 0.31572380827180063, 0.004964553218772377, 0, 0, 0, 1], "fov": 50, "aspect": 1.7569444444444444}, {"camera_to_world": [0.9969170772920065, 0.010775366542177093, -0.0777189325675899, -0.13110155300283644, -0.07716270240957131, 0.31417896215836383, -0.9462227523653959, -0.9592665741623372, 0.014221756586856453, 0.9493026236206108, 0.31404182910339995, 0.0055575347810477614, 0, 0, 0, 1], "fov": 50, "aspect": 1.7569444444444444}, {"camera_to_world": [0.9924960053671329, 0.021705536445646812, -0.12033515287683365, -0.17573392843441157, -0.121088389536665, 0.3113535585004686, -0.9425479104684876, -0.9593051392191371, 0.017008270038458048, 0.9500462258736161, 0.3116454515207898, 0.0057034449109797155, 0, 0, 0, 1], "fov": 50, "aspect": 1.7569444444444444}, {"camera_to_world": [0.9861437726400825, 0.032734221639569606, -0.162631271337455, -0.2209129048992289, -0.16476297389782954, 0.3074877961785192, -0.9371789677716955, -0.9580684648420633, 0.019329307166283068, 0.9509888148316621, 0.30862056306983576, 0.0054297115147462025, 0, 0, 0, 1], "fov": 50, "aspect": 1.7569444444444444}, {"camera_to_world": [0.977894781944417, 0.04378978420246526, -0.20446087705324653, -0.2664180030404068, -0.20802542875666408, 0.3026375822066114, -0.9301268272804213, -0.9554998681256047, 0.021147492439704436, 0.9520992325570051, 0.3050571010939994, 0.004763762498525187, 0, 0, 0, 1], "fov": 50, "aspect": 1.7569444444444444}, {"camera_to_world": [0.9677963598948088, 0.05480537558636023, -0.24569610615798512, -0.3120287435010612, -0.2507321913315616, 0.2968663048643947, -0.9214140031854484, -0.9515426661642508, 0.02244045463958088, 0.9533450413376042, 0.30104760114070106, 0.00373302576849465, 0, 0, 0, 1], "fov": 50, "aspect": 1.7569444444444444}, {"camera_to_world": [0.9559046500918278, 0.06572022094650345, -0.2862291957358004, -0.3575246469243098, -0.29275934829717315, 0.2902439896306616, -0.9110710128567864, -0.9461401760524906, 0.02320051545623158, 0.9546932905609105, 0.29668578840339827, 0.0023649292308325544, 0, 0, 0, 1], "fov": 50, "aspect": 1.7569444444444444}, {"camera_to_world": [0.9422803129292372, 0.07648066155624517, -0.32597318950168014, -0.4026852339532699, -0.33400397844733165, 0.2828462451487691, -0.8991325508436433, -0.9392357148848132, 0.0234340403544423, 0.9561112435345385, 0.2920652936237116, 0.0006869007917168551, 0, 0, 0, 1], "fov": 50, "aspect": 1.7569444444444444}, {"camera_to_world": [0.9269842007222714, 0.08704095278610285, -0.36486184255054555, -0.4472900252310584, -0.3743846710288197, 0.2747530732202538, -0.8856335962770769, -0.9307725997557078, 0.023160520502227205, 0.957567032271952, 0.28727855644992484, -0.0012736316426744596, 0, 0, 0, 1], "fov": 50, "aspect": 1.7569444444444444}, {"camera_to_world": [0.9100731401813789, 0.097363839276293, -0.40284880826655634, -0.4911185414007928, -0.41384128109821783, 0.26604760842715236, -0.8706055732127945, -0.9206941477596635, 0.022411460893710294, 0.9590302147750991, 0.2824159584177865, -0.0034892401661634287, 0, 0, 0, 1], "fov": 50, "aspect": 1.7569444444444444}, {"camera_to_world": [0.8915959101653624, 0.10742094721316457, -0.4399062094085802, -0.5339503031055899, -0.4523340095468901, 0.25681483797157156, -0.8540726449224735, -0.9089436759911694, 0.02122914938552789, 0.9604722167233481, 0.2775652069674889, -0.005932496872572081, 0, 0, 0, 1], "fov": 50, "aspect": 1.7569444444444444}, {"camera_to_world": [0.8715894569757767, 0.11719304520525486, -0.4760226976145044, -0.5755648309885671, -0.48984190459280075, 0.24714033300241525, -0.8360481830064299, -0.8954645015447149, 0.0196653755003129, 0.9618666466610506, 0.27281097310675995, -0.008575973855722474, 0, 0, 0, 1], "fov": 50, "aspect": 1.7569444444444444}, {"camera_to_world": [0.8500753469895781, 0.1266702302758606, -0.5112010927241931, -0.6157416456928413, -0.5263608747030464, 0.23710900106131233, -0.8165314147034091, -0.8801999415147892, 0.017780158109329678, 0.9631894799973508, 0.26823476955838554, -0.011392243209436579, 0, 0, 0, 1], "fov": 50, "aspect": 1.7569444444444444}, {"camera_to_world": [0.82705642064301, 0.13585209464143697, -0.5454556677262662, -0.6542602678615304, -0.5619012821884961, 0.22680384665608638, -0.7955042201125816, -0.8630933129958809, 0.01564052902228436, 0.9644191119650918, 0.26391504377046526, -0.014353877027536512, 0, 0, 0, 1], "fov": 50, "aspect": 1.7569444444444444}, {"camera_to_world": [0.8025135849461794, 0.14474792302959905, -0.5788091090812658, -0.6909002181377508, -0.5964851543769258, 0.2163047038965346, -0.7729280274903786, -0.8440879330824794, 0.013319406321843072, 0.9655362830317925, 0.25992745057877953, -0.017433447403844223, 0, 0, 0, 1], "fov": 50, "aspect": 1.7569444444444444}, {"camera_to_world": [0.776402665320029, 0.15337695975681775, -0.6112891373971165, -0.72544101716462, -0.6301430071493522, 0.20568688136335156, -0.7487407410952005, -0.8231271188690743, 0.010894577767257762, 0.9665238822971598, 0.256345261560457, -0.020603526432181784, 0, 0, 0, 1], "fov": 50, "aspect": 1.7569444444444444}, {"camera_to_world": [0.7486512329889696, 0.16176876929727224, -0.6429247208065197, -0.757662185585255, -0.6629102246927379, 0.19501963406171532, -0.7228536340977048, -0.8001541874501544, 0.008447801010871519, 0.9673666355681698, 0.25323986070048327, -0.023836686206371235, 0, 0, 0, 1], "fov": 50, "aspect": 1.7569444444444444}, {"camera_to_world": [0.7191553335465166, 0.16996369206950473, -0.6737417529066319, -0.7873432440427732, -0.6948228795691949, 0.18436434921501904, -0.6951481516667469, -0.7751124559202086, 0.006064013421044985, 0.9680506857167268, 0.2506812669997587, -0.027105498820234566, 0, 0, 0, 1], "fov": 50, "aspect": 1.7569444444444444}, {"camera_to_world": [0.6877760695000074, 0.1780133653704671, -0.7037579981588853, -0.8142637131802921, -0.7259128077832315, 0.17377230062551924, -0.6654726012628764, -0.7479452413737262, 0.0038306291110358362, 0.9685630744999495, 0.24873861179121134, -0.03038253636759388, 0, 0, 0, 1], "fov": 50, "aspect": 1.7569444444444444}, {"camera_to_world": [0.6543360414457744, 0.18598123221254032, -0.7329770297422552, -0.838203113640928, -0.7562016733163344, 0.16328178996944676, -0.6336387664418501, -0.7185958609051967, 0.00183688286231451, 0.9688911385336737, 0.24748047909334486, -0.03364037094227114, 0, 0, 0, 1], "fov": 50, "aspect": 1.7569444444444444}, {"camera_to_world": [0.6186157403946443, 0.193942889670007, -0.7613807991290781, -0.8589409660677986, -0.7856936653380463, 0.15291445426822908, -0.5994185798951479, -0.687007631609109, 0.00017315788237416696, 0.9690218393938792, 0.24697498819526367, -0.03685157463808841, 0, 0, 0, 1], "fov": 50, "aspect": 1.7569444444444444}, {"camera_to_world": [0.5802779835256192, 0.2018760373008548, -0.7890016016454878, -0.8763104747308076, -0.8144177418145023, 0.14253267125774813, -0.5625017150568496, -0.652983769698712, -0.0010971113014383166, 0.9689842636430349, 0.2471199974889885, -0.04016239241835356, 0, 0, 0, 1], "fov": 50, "aspect": 1.7569444444444444}, {"camera_to_world": [0.5389779906620942, 0.20962024508952948, -0.8158198811198811, -0.8903914729227881, -0.8423175170649873, 0.13185169809911967, -0.5226053292436401, -0.6164222454741061, -0.0019814205324678175, 0.9688521469021909, 0.2476319676772151, -0.04380760642648845, 0, 0, 0, 1], "fov": 50, "aspect": 1.7569444444444444}, {"camera_to_world": [0.49454967378353976, 0.2171141149845436, -0.841594962695876, -0.9013308719506374, -0.8691458028763284, 0.12076577572824408, -0.47958440420349163, -0.5775580683763786, -0.0024886749600806224, 0.9686470401994907, 0.2484284967746439, -0.04774706022874056, 0, 0, 0, 1], "fov": 50, "aspect": 1.7569444444444444}, {"camera_to_world": [0.44687883837600934, 0.22427685514228257, -0.8660249396288748, -0.9092754663292875, -0.8945906097835838, 0.10918134038615161, -0.4333440616859991, -0.5366295610415919, -0.0026352796330025986, 0.9683900697337674, 0.24942679916617821, -0.051937329545877486, 0, 0, 0, 1], "fov": 50, "aspect": 1.7569444444444444}, {"camera_to_world": [0.39592019479491847, 0.23100581177365048, -0.8887539109789337, -0.9143720505736699, -0.9182816654847537, 0.09702037351978561, -0.3838565226183193, -0.4938750461058076, -0.0024458512017090516, 0.9681029707881688, 0.25054072675519456, -0.0563349900986669, 0, 0, 0, 1], "fov": 50, "aspect": 1.7569444444444444}, {"camera_to_world": [0.341716859608772, 0.23717766726649633, -0.9093823959199682, -0.916767419198716, -0.9398009210954064, 0.08422730004412371, -0.33117969538530406, -0.44953284620508777, -0.0019536036815200053, 0.9678080987867896, 0.2516816786247168, -0.06089661760787644, 0, 0, 0, 1], "fov": 50, "aspect": 1.7569444444444444}, {"camera_to_world": [0.28441868138225623, 0.24265226977609328, -0.9274836330918668, -0.9166083667193576, -0.9586994171374126, 0.07077640331314239, -0.2754743696143815, -0.4038412839754964, -0.0012005253700195923, 0.9675280754099933, 0.25276072090471347, -0.06557878779427351, 0, 0, 0, 1], "fov": 50, "aspect": 1.7569444444444444}, {"camera_to_world": [0.22429657654064378, 0.2472795586081105, -0.9426260476173599, -0.9140416876505262, -0.9745209025506675, 0.05667868055587272, -0.21701736719045797, -0.357038682053095, -0.0002371581326014796, 0.9672850392025215, 0.25369193264862944, -0.07033807637862578, 0, 0, 0, 1], "fov": 50, "aspect": 1.7569444444444444}, {"camera_to_world": [0.16174964607656853, 0.25090958761364796, -0.9544010848891853, -0.9092141765071535, -0.9868314348283815, 0.04198674536810138, -0.1562076580963689, -0.30936336307394646, 0.0008781962552282948, 0.9670995254144958, 0.25439680956017113, -0.07513105908170081, 0, 0, 0, 1], "fov": 50, "aspect": 1.7569444444444444}, {"camera_to_world": [0.09730203454666693, 0.2534049759612131, -0.9624542753976297, -0.9022726278041707, -0.9952527235153718, 0.026796297956353545, -0.09356267819525713, -0.26105364967411115, 0.002080963313985391, 0.9669890777945382, 0.25480932678721646, -0.07991431162426638, 0, 0, 0, 1], "fov": 50, "aspect": 1.7569444444444444}, {"camera_to_world": [0.031587506916296845, 0.2546543658017048, -0.966516106117712, -0.8933638360565102, -0.9994955342168788, 0.011242973250271376, -0.029703074470663473, -0.21234786448965406, 0.0033024971353502715, 0.9669667778836174, 0.2548810388829381, -0.0846444097270898, 0, 0, 0, 1], "fov": 50, "aspect": 1.7569444444444444}, {"camera_to_world": [-0.03467844538209916, 0.25458487261226126, -0.966428449530993, -0.8826345957791027, -0.9993885124145605, -0.004505906697473694, 0.03467416990564486, -0.163484330156637, 0.004472882704993681, 0.9670399368391321, 0.25458545496252327, -0.08927792911093875, 0, 0, 0, 1], "fov": 50, "aspect": 1.7569444444444444}, {"camera_to_world": [-0.10073682387945589, 0.25317133629217603, -0.9621623391064075, -0.8702317014868804, -0.994897772012215, -0.0202641187104479, 0.09883212401855784, -0.11470136931112124, 0.005524089047997886, 0.967209201761916, 0.2539209413720479, -0.09377144549658088, 0, 0, 0, 1], "fov": 50, "aspect": 1.7569444444444444}, {"camera_to_world": [-0.16582930477322047, 0.25044058324510954, -0.9538239648605394, -0.8563019476947746, -0.9861337483637785, -0.035842242122429153, 0.16203568748161964, -0.06623730458916981, 0.006393122588712309, 0.9674682671506527, 0.2529116051905866, -0.09808153460478378, 0, 0, 0, 1], "fov": 50, "aspect": 1.7569444444444444}, {"camera_to_world": [-0.22924262012271113, 0.24646984926274845, -0.9416477231553593, -0.840992128917717, -0.9733439645228368, -0.05106392222063013, 0.22359338669650394, -0.018330458626843987, 0.007024802220796033, 0.9678042618483572, 0.2516059675403491, -0.10216477215631503, 0, 0, 0, 1], "fov": 50, "aspect": 1.7569444444444444}, {"camera_to_world": [-0.29034728451611613, 0.24137972224575735, -0.9259774749218679, -0.8244490396706392, -0.9568929307470646, -0.06578019960584076, 0.2828937688004267, 0.028780845939791744, 0.007373836207229626, 0.9681987373614864, 0.25007365217313915, -0.10597773387194215, 0, 0, 0, 1], "fov": 50, "aspect": 1.7569444444444444}, {"camera_to_world": [-0.34862607236241994, 0.23532305413035748, -0.9072391756664355, -0.8068194744684729, -0.93723263530446, -0.07987992780186313, 0.3394321500014785, 0.07485828647467566, 0.007406010357124862, 0.9686290607498467, 0.24840067166064622, -0.10947699547243275, 0, 0, 0, 1], "fov": 50, "aspect": 1.7569444444444444}, {"camera_to_world": [-0.40368983076235954, 0.22847192969783, -0.8859091927952928, -0.78825022782615, -0.9148683689149798, -0.09329527147264001, 0.3928254827269878, 0.11966354034174573, 0.007098457431172283, 0.9690699508606156, 0.24668409401723013, -0.11261913267855442, 0, 0, 0, 1], "fov": 50, "aspect": 1.7569444444444444}, {"camera_to_world": [-0.455280616118664, 0.22100483081452407, -0.8624827101706175, -0.7688880942586008, -0.8903247150763189, -0.10600235686606731, 0.44281531371793215, 0.16295828490494108, 0.00643912345599329, 0.969494902047186, 0.24502688136944478, -0.11536072121107485, 0, 0, 0, 1], "fov": 50, "aspect": 1.7569444444444444}, {"camera_to_world": [-0.5032641104504265, 0.21309568938761642, -0.8374457966322104, -0.7488798682807583, -0.8641156158318987, -0.11801800843485867, 0.4892606178311599, 0.20450419752819693, 0.005425643556265, 0.9698772998939021, 0.2435335408984032, -0.11765833679076147, 0, 0, 0, 1], "fov": 50, "aspect": 1.7569444444444444}, {"camera_to_world": [-0.5476144200102806, 0.20490581628779625, -0.8112533842445502, -0.7283723444075537, -0.8367209402839143, -0.1293939690510227, 0.532123358690093, 0.2440629555754517, 0.004063875884720541, 0.9701911189166056, 0.24230699058867183, -0.11946855513838198, 0, 0, 0, 1], "fov": 50, "aspect": 1.7569444444444444}, {"camera_to_world": [-0.5883946363000004, 0.19657897987538467, -0.7843140038559451, -0.7075123171539184, -0.8085704375481731, -0.14021005884490653, 0.5714498988729141, 0.28139623641064326, 0.0023663255368028685, 0.9704111726839613, 0.24144679835026378, -0.12074795197470388, 0, 0, 0, 1], "fov": 50, "aspect": 1.7569444444444444}, {"camera_to_world": [-0.6257361508772019, 0.18823936217956833, -0.7569809852378149, -0.686446581034784, -0.7800347085459721, -0.15056749551474663, 0.607351037504685, 0.3162657173977093, 0.0003506408194378086, 0.9705129426342783, 0.24104876110523715, -0.12145310302049485, 0, 0, 0, 1], "fov": 50, "aspect": 1.7569444444444444}, {"camera_to_world": [-0.6603298256290369, 0.17987759340049653, -0.7291149242589755, -0.6651529281968813, -0.7509730971871361, -0.1607275934585517, 0.6404732999916413, 0.3491031849322422, -0.0019820912910886446, 0.9704693153796611, 0.2412164571927994, -0.12146052372735908, 0, 0, 0, 1], "fov": 50, "aspect": 1.7569444444444444}, {"camera_to_world": [-0.6931149937300738, 0.17132980298616737, -0.7001697680386385, -0.6433850610562002, -0.7208123822347544, -0.17093181461241042, 0.6717230265298094, 0.38093714939762585, -0.004595115190970639, 0.9702723397902415, 0.2419720470516214, -0.12065032509260472, 0, 0, 0, 1], "fov": 50, "aspect": 1.7569444444444444}, {"camera_to_world": [-0.7240206993743566, 0.16260796084151394, -0.6703377342418017, -0.6211262455702103, -0.6897387552208848, -0.18106918599903912, 0.7010523514174886, 0.4116627483231027, -0.007380814576456994, 0.9699343281648556, 0.24325485118200202, -0.1190952894508175, 0, 0, 0, 1], "fov": 50, "aspect": 1.7569444444444444}, {"camera_to_world": [-0.7529949123915274, 0.15374632862797086, -0.6398130417128867, -0.5983652048636469, -0.6579467074063248, -0.19104046057459015, 0.7284295934657133, 0.44115127458494574, -0.01023680251114055, 0.9694666620657301, 0.24500938557018476, -0.11687161420338786, 0, 0, 0, 1], "fov": 50, "aspect": 1.7569444444444444}, {"camera_to_world": [-0.7800207202421807, 0.14479248798618077, -0.6087715593025362, -0.5750906620612428, -0.6256172096667422, -0.2007662881401569, 0.7538541002841485, 0.4692740210594307, -0.013068395527739923, 0.9688797825164869, 0.247186536990054, -0.11405549675170602, 0, 0, 0, 1], "fov": 50, "aspect": 1.7569444444444444}, {"camera_to_world": [-0.8051116718248038, 0.13580219131638702, -0.577367266759328, -0.5512913402877354, -0.5929130512918063, -0.2101878095892885, 0.7773513995021152, 0.4959022806228286, -0.015789537653450137, 0.9681832726987821, 0.24974355040113824, -0.11072313449716276, 0, 0, 0, 1], "fov": 50, "aspect": 1.7569444444444444}, {"camera_to_world": [-0.8283066536652648, 0.1268346156170704, -0.5457298487119072, -0.5269559626678577, -0.5599753062801796, -0.21926622294269335, 0.798968071848221, 0.5209073461514151, -0.01832331439096635, 0.9673858091566752, 0.2526439241145821, -0.10695072484114829, 0, 0, 0, 1], "fov": 50, "aspect": 1.7569444444444444}, {"camera_to_world": [-0.8496646207671348, 0.11794820324579935, -0.5139632803690638, -0.502073252326345, -0.526920853409399, -0.22798156527273072, 0.8187666457166574, 0.5441605105214635, -0.020602098411376824, 0.9664950218427838, 0.25585723811173433, -0.10281446518505309, 0, 0, 0, 1], "fov": 50, "aspect": 1.7569444444444444}, {"camera_to_world": [-0.8692594424830921, 0.10919717102059971, -0.482145205819867, -0.4766319323879313, -0.49384079900163563, -0.23633096628471117, 0.8368207332615276, 0.5655330666092481, -0.022567385657407433, 0.9655172977300989, 0.2593589421796697, -0.09839055293026758, 0, 0, 0, 1], "fov": 50, "aspect": 1.7569444444444444}, {"camera_to_world": [-0.8871750496211217, 0.10062868146772777, -0.45032688104956287, -0.45062072597735087, -0.46079960068330716, -0.24432661104023456, 0.853210545614445, 0.5848963072910429, -0.02416938848761633, 0.9644575551073569, 0.2631301295109973, -0.09375518547818207, 0, 0, 0, 1], "fov": 50, "aspect": 1.7569444444444444}, {"camera_to_world": [-0.9035009928157512, 0.09228060216103871, -0.41853344722464886, -0.42402835621933954, -0.4278346632041538, -0.25199361189359004, 0.8680188480245179, 0.602121525443121, -0.025366453081580843, 0.9633190074059678, 0.2671573188749302, -0.08898456023018718, 0, 0, 0, 1], "fov": 50, "aspect": 1.7569444444444444}, {"camera_to_world": [-0.9183284507031818, 0.08417973093568296, -0.3867643074647531, -0.39684354623863133, -0.3949561675043022, -0.2593679428918559, 0.8813273489177336, 0.6170800139417567, -0.0261243637129727, 0.9621029274976991, 0.27143226506985, -0.08415487458767326, 0, 0, 0, 1], "fov": 50, "aspect": 1.7569444444444444}, {"camera_to_world": [-0.9317466627014548, 0.07634033278319757, -0.3549933944952388, -0.36905501915996086, -0.36214689451967813, -0.2664945409116947, 0.8932134607438573, 0.629643065663224, -0.026415588853075156, 0.9608084165195555, 0.27595181356666165, -0.07934232595203072, 0, 0, 0, 1], "fov": 50, "aspect": 1.7569444444444444}, {"camera_to_world": [-0.9438397049121505, 0.06876281294505372, -0.3231691306223857, -0.34065149810806217, -0.3293618084806824, -0.2734256309051057, 0.903747322805705, 0.6396819734837967, -0.026218515321798558, 0.9594321757790013, 0.28071781121669526, -0.07462311172464993, 0, 0, 0, 1], "fov": 50, "aspect": 1.7569444444444444}, {"camera_to_world": [-0.9546834756059621, 0.06143233371601603, -0.2912138900861784, -0.31162170620767154, -0.2965271640090594, -0.2802192890051272, 0.9129889326132083, 0.6470680302797484, -0.025516708441042285, 0.9579682763242554, 0.28573708045451474, -0.07007342930692151, 0, 0, 0, 1], "fov": 50, "aspect": 1.7569444444444444}, {"camera_to_world": [-0.964342703032886, 0.054317163037654985, -0.2590227729501172, -0.2819543665835221, -0.26353889114033546, -0.28693821519708923, 0.9209851863716545, 0.6516725289273533, -0.0242982296422933, 0.9564079184422564, 0.2910214589634253, -0.06576947610023573, 0, 0, 0, 1], "fov": 50, "aspect": 1.7569444444444444}, {"camera_to_world": [-0.9728677241041874, 0.047366514210796774, -0.22646148619104614, -0.25163820236034934, -0.23025998696273164, -0.2936486420817501, 0.9277665726935126, 0.653366762302885, -0.022555039354026227, 0.9547391729341907, 0.29658789905300537, -0.06178744950598311, 0, 0, 0, 1], "fov": 50, "aspect": 1.7569444444444444}, {"camera_to_world": [-0.9802906951203312, 0.04050759067142827, -0.19336309926791592, -0.22066193666288686, -0.19651659652149892, -0.30041924952567556, 0.9333431854393304, 0.6520220232826179, -0.020282513456282646, 0.952946698201125, 0.3024586087970878, -0.05820354692555389, 0, 0, 0, 1], "fov": 50, "aspect": 1.7569444444444444}, {"camera_to_world": [-0.9866207664025093, 0.03364147963638645, -0.15952339687707204, -0.18901429261586994, -0.1620923936923725, -0.30731987280222267, 0.937699606317451, 0.647509604742825, -0.017479107826264148, 0.9510114334899977, 0.3086611963964656, -0.05509396576033866, 0, 0, 0, 1], "fov": 50, "aspect": 1.7569444444444444}, {"camera_to_world": [-0.991837552659974, 0.02663743440300136, -0.1246944915459357, -0.15668399334403338, -0.1267207701434794, -0.31441966115334424, 0.9407880330310647, 0.6397007995597812, -0.014146220262567996, 0.9489102822546722, 0.315228743428706, -0.05253490341172788, 0, 0, 0, 1], "fov": 50, "aspect": 1.7569444444444444}, {"camera_to_world": [-0.995881914617023, 0.01932493782334302, -0.08857628868301448, -0.12365976197211176, -0.0900742053139815, -0.32178412564820247, 0.9425187605654737, 0.6284669006097596, -0.010288327161764484, 0.9466158266471916, 0.32219966956107626, -0.05060255728111186, 0, 0, 0, 1], "fov": 50, "aspect": 1.7569444444444444}, {"camera_to_world": [-0.9986425610246707, 0.011482743069261656, -0.05080533359493169, -0.0899303216248395, -0.051750029609215785, -0.32947014276777575, 0.9427467101295166, 0.6136792007690344, -0.005913522261077683, 0.9440961665191672, 0.3296171394486047, -0.049373124769881094, 0, 0, 0, 1], "fov": 50, "aspect": 1.7569444444444444}, {"camera_to_world": [-0.9999361630031423, 0.0028238511713839266, -0.010940556800979781, -0.055484395426950564, -0.011251638668205109, -0.3375173365707438, 0.9412520640835119, 0.5952089929138791, -0.0010346718483378687, 0.941315076570408, 0.3375275634306229, -0.04892280327942597, 0, 0, 0, 1], "fov": 50, "aspect"